-5.0    0.000101415262065
-4.9    0.00015526751294
-4.8    0.00023479898524
-4.7    0.000350711635335
-4.6    0.000517419119945
-4.5    0.00075400306492
-4.4    0.00108528072346
-4.3    0.00154294131068
-4.2    0.00216668144691
-4.1    0.00300523931597
-4.0    0.00411719464307
-3.9    0.00557137096019
-3.8    0.00744665259558
-3.7    0.00983101708985
-3.6    0.0128195904105
-3.5    0.0165115631462
-3.4    0.0210058651466
-3.3    0.0263955856221
-3.2    0.0327612436888
-3.1    0.0401631544043
-3.0    0.0486332863289
-2.9    0.0581671529311
-2.8    0.0687164027561
-2.7    0.0801828519358
-2.6    0.092414718423
-2.5    0.105205755871
-2.4    0.118297839357
-2.3    0.131387328136
-2.2    0.144135236312
-2.1    0.156180905949
-2.0    0.167158532433
-1.9    0.176715578433
-1.8    0.184531869918
-1.7    0.190338029909
-1.6    0.193931896549
-1.5    0.195191700343
-1.4    0.194085032369
-1.3    0.190672994661
-1.2    0.185109344759
-1.1    0.177634877821
-1.0    0.168567677455
-0.9    0.158290161102
-0.8    0.147234009545
-0.7    0.135864083193
-0.6    0.124662292405
-0.5    0.114112130275
-0.4    0.104684239776
-0.3    0.0968230337559
-0.2    0.0909340836528
-0.1    0.0873718049979
0.0    0.0864269444135
0.1    0.0883135385492
0.2    0.0931553626142
0.3    0.10097237132
0.4    0.111668181193
0.5    0.125020148549
0.6    0.140673949996
0.7    0.158144669051
0.8    0.176826159723
0.9    0.19600986981
1.0    0.214913397145
1.1    0.232717917299
1.2    0.248612410181
1.3    0.261841507019
1.4    0.271752962485
1.5    0.277840383926
1.6    0.279777015401
1.7    0.277437092497
1.8    0.270902480747
1.9    0.260453833222
2.0    0.246547143997
2.1    0.229778106096
2.2    0.210837895569
2.3    0.190464741142
2.4    0.169395821807
2.5    0.148323670296
2.6    0.12786043615
2.7    0.10851222611
2.8    0.0906644710634
2.9    0.0745780467127
3.0    0.0603948500192
3.1    0.0481508075397
3.2    0.0377939099945
3.3    0.0292048195431
3.4    0.0222178276437
3.5    0.0166403693107
3.6    0.0122698311081
3.7    0.00890693811178
3.8    0.00636549950112
3.9    0.00447868718794
4.0    0.00310229540404
4.1    0.00211558138854
4.2    0.00142033402039
4.3    0.000938783398429
4.4    0.000610877977346
4.5    0.000391343109127
4.6    0.000246816998299
4.7    0.000153252156096
4.8    9.36811625013e-05
4.9    5.6378316028e-05
5.0    3.34030464985e-05
