0.314159265359    -0.370834122203
0.942477796077    -0.290384685148
1.57079632679    -0.301555126867
2.19911485751    -0.267197744947
2.82743338823    -0.236650969977
3.45575191895    -0.224256734171
4.08407044967    -0.202505261082
4.71238898038    -0.181416453709
5.3407075111    -0.177285240149
5.96902604182    -0.148878058932
6.59734457254    -0.125638488887
7.22566310326    -0.115173910564
7.85398163397    -0.107042406309
8.48230016469    -0.100860234401
9.11061869541    -0.0999925208083
9.73893722613    -0.0657593524858
10.3672557568    -0.0820399383051
10.9955742876    -0.0772953463806
11.6238928183    -0.0979047952548
12.252211349    -0.0713977880694
12.8805298797    -0.0721265831829
13.5088484104    -0.070821919422
14.1371669412    -0.0702466039782
14.7654854719    -0.0673520963769
15.3938040026    -0.0691133374402
16.0221225333    -0.0707248940224
16.650441064    -0.0521116333759
17.2787595947    -0.0636690139271
17.9070781255    -0.046750121903
18.5353966562    -0.0470112511781
19.1637151869    -0.0512694225362
19.7920337176    -0.044763506308
20.4203522483    -0.0508559431992
21.0486707791    -0.0433111190427
21.6769893098    -0.0471635602564
22.3053078405    -0.0464094882856
22.9336263712    -0.0578548320488
23.5619449019    -0.0388674438975
24.1902634326    -0.041120387796
24.8185819634    -0.0262037223025
25.4469004941    -0.0457448775561
26.0752190248    -0.0276641381104
26.7035375555    -0.0407322172211
27.3318560862    -0.0389591635587
27.9601746169    -0.0218623026708
28.5884931477    -0.031568050101
29.2168116784    -0.0312382749122
29.8451302091    -0.0398925163525
30.4734487398    -0.0286055732405
31.1017672705    -0.0215504770739
