-8.0    1.3837140233974536e-33
-7.84    8.87060366308871e-32
-7.68    5.4629991897829405e-30
-7.52    3.0403556154994636e-28
-7.36    1.501976811927007e-26
-7.2    6.553055187482114e-25
-7.04    2.52127610870684e-23
-6.88    8.55054942780989e-22
-6.72    2.5556414780472285e-20
-6.5600000000000005    6.7315622465920995e-19
-6.4    1.562549378404147e-17
-6.24    3.196321698131685e-16
-6.08    5.7618880062430994e-15
-5.92    9.153268623817066e-14
-5.76    1.2813991503717875e-12
-5.6    1.5808453026703307e-11
-5.4399999999999995    1.7186639916050658e-10
-5.279999999999999    1.6466042001399017e-09
-5.12    1.3902217584170212e-08
-4.96    1.0343691470988988e-07
-4.8    6.782091507402775e-07
-4.640000000000001    3.918757070871632e-06
-4.48    1.9953985346095336e-05
-4.32    8.9538037301111e-05
-4.16    0.00035406427880861814
-4.0    0.0012338242246404023
-3.84    0.003788969734709739
-3.6799999999999997    0.010253820212786976
-3.5199999999999996    0.0244538414047048
-3.3600000000000003    0.05139318754712124
-3.2    0.09518349038747538
-3.04    0.15535190144664804
-2.88    0.22344648890941032
-2.7199999999999998    0.28323095094352385
-2.5599999999999996    0.31640307304679793
-2.3999999999999995    0.3115582348162155
-2.24    0.2705444129259261
-2.08    0.20748925256322118
-1.92    0.14127120069167073
-1.7599999999999998    0.08696067211694776
-1.5999999999999996    0.051499355000042
-1.4399999999999995    0.03468364473960475
-1.2800000000000002    0.03281199727149825
-1.12    0.0418408251860112
-0.96    0.05865571412219053
-0.7999999999999998    0.08083303113949931
-0.6399999999999997    0.10589926181764335
-0.47999999999999954    0.1308529265488488
-0.3200000000000003    0.1522413911383465
-0.16000000000000014    0.16672416662113984
0.0    0.17185218600181576
0.16000000000000014    0.16672416662113984
0.3200000000000003    0.1522413911383465
0.4800000000000004    0.13085292654884867
0.6400000000000006    0.1058992618176432
0.8000000000000007    0.08083303113949918
0.9600000000000009    0.05865571412219043
1.120000000000001    0.04184082518601112
1.2799999999999994    0.032811997271498285
1.4399999999999995    0.03468364473960475
1.5999999999999996    0.051499355000042
1.7599999999999998    0.08696067211694776
1.92    0.14127120069167073
2.08    0.20748925256322118
2.24    0.2705444129259261
2.4000000000000004    0.31155823481621564
2.5600000000000005    0.3164030730467978
2.7200000000000006    0.2832309509435236
2.880000000000001    0.22344648890940996
3.040000000000001    0.15535190144664762
3.200000000000001    0.09518349038747509
3.3599999999999994    0.051393187547121445
3.5199999999999996    0.0244538414047048
3.6799999999999997    0.010253820212786976
3.84    0.003788969734709739
4.0    0.0012338242246404023
4.16    0.00035406427880861814
4.32    8.9538037301111e-05
4.48    1.9953985346095336e-05
4.640000000000001    3.918757070871632e-06
4.800000000000001    6.782091507402702e-07
4.960000000000001    1.0343691470988876e-07
5.120000000000001    1.3902217584170064e-08
5.280000000000001    1.6466042001398605e-09
5.4399999999999995    1.7186639916050658e-10
5.6    1.5808453026703307e-11
5.76    1.2813991503717875e-12
5.92    9.153268623817066e-14
6.08    5.7618880062430994e-15
6.24    3.196321698131685e-16
6.4    1.562549378404147e-17
6.5600000000000005    6.7315622465920995e-19
6.720000000000001    2.5556414780471927e-20
6.880000000000001    8.550549427809708e-22
7.040000000000001    2.5212761087067684e-23
7.200000000000001    6.553055187482021e-25
7.359999999999999    1.501976811927028e-26
7.52    3.0403556154994636e-28
7.68    5.4629991897829405e-30
7.84    8.87060366308871e-32
8.0    1.3837140233974536e-33
