-8.0    1.03450767962e-10
-7.92    1.03450767962e-10
-7.84    1.03450767962e-10
-7.76    1.03450767962e-10
-7.68    1.03450767962e-10
-7.6    1.03450767962e-10
-7.52    1.03450767962e-10
-7.44    1.03450767962e-10
-7.36    1.03450767962e-10
-7.28    1.03450767962e-10
-7.2    1.03450767962e-10
-7.12    1.03450767962e-10
-7.04    1.03450767962e-10
-6.96    1.03450767962e-10
-6.88    1.03450767962e-10
-6.8    1.03450767962e-10
-6.72    1.03450767962e-10
-6.64    1.03450767962e-10
-6.56    1.03450767962e-10
-6.48    1.03450767962e-10
-6.4    1.03450767962e-10
-6.32    1.03450767962e-10
-6.24    1.03450767962e-10
-6.16    1.03450767962e-10
-6.08    1.03450767962e-10
-6.0    1.03450767962e-10
-5.92    1.03450767962e-10
-5.84    1.03450767962e-10
-5.76    1.03450767962e-10
-5.68    1.03450767962e-10
-5.6    1.03450767962e-10
-5.52    1.03450767962e-10
-5.44    1.03450767962e-10
-5.36    1.03450767962e-10
-5.28    1.03450767962e-10
-5.2    1.03450767962e-10
-5.12    1.03450767962e-10
-5.04    1.03450767962e-10
-4.96    1.03450767962e-10
-4.88    1.03450767962e-10
-4.8    1.03450767962e-10
-4.72    1.03450767962e-10
-4.64    1.03450767962e-10
-4.56    1.03450767962e-10
-4.48    1.03450767962e-10
-4.4    1.03450767962e-10
-4.32    1.03450767962e-10
-4.24    1.03450767962e-10
-4.16    1.03450767962e-10
-4.08    1.03450767962e-10
-4.0    1.03450767962e-10
-3.92    1.03450767962e-10
-3.84    1.03450767962e-10
-3.76    1.03450767962e-10
-3.68    1.03450767962e-10
-3.6    1.03450767962e-10
-3.52    1.03450767962e-10
-3.44    0.00581737631581
-3.36    0.0135098015116
-3.28    0.0255404680242
-3.2    0.0392742564846
-3.12    0.0562010612228
-3.04    0.0742861745419
-2.96    0.0939972973102
-2.88    0.114733606421
-2.8    0.136201989512
-2.72    0.157879242737
-2.64    0.178721894865
-2.56    0.199676223322
-2.48    0.219099480331
-2.4    0.237710255703
-2.32    0.253309541504
-2.24    0.268093965904
-2.16    0.279356377524
-2.08    0.288970362677
-2.0    0.293789143194
-1.92    0.2971769276
-1.84    0.295543972984
-1.76    0.291962905244
-1.68    0.282502519118
-1.6    0.271756392231
-1.52    0.255444254127
-1.44    0.237967379314
-1.36    0.214841492555
-1.28    0.192048774792
-1.2    0.164907073179
-1.12    0.139347103873
-1.04    0.110660902828
-0.96    0.0864099146748
-0.88    0.0618118447802
-0.8    0.0444066685881
-0.72    0.0293503913795
-0.64    0.0254551168474
-0.56    0.0272735442285
-0.48    0.0426206960773
-0.4    0.0644265823034
-0.32    0.099226101359
-0.24    0.135885288231
-0.16    0.175589994312
-0.08    0.201297522426
0.0    0.211821037857
0.08    0.194321636591
0.16    0.162192978143
0.24    0.116939591106
0.32    0.0766893746218
0.4    0.0389486369608
0.48    0.0159668291766
0.56    1.03450767962e-10
0.64    1.03450767962e-10
0.72    1.03450767962e-10
0.8    5.68632754905e-07
0.88    0.0155337206566
0.96    0.0281838804354
1.04    0.0524685004757
1.12    0.0714635988828
1.2    0.0989981779609
1.28    0.119341778139
1.36    0.145693134437
1.44    0.163963958178
1.52    0.186702617757
1.6    0.200680336372
1.68    0.217847822605
1.76    0.226492582979
1.84    0.237774988719
1.92    0.240649521857
2.0    0.24563652298
2.08    0.243073136345
2.16    0.242523642748
2.24    0.234998437779
2.32    0.229355283065
2.4    0.217876976271
2.48    0.208312510895
2.56    0.193732579218
2.64    0.18111464054
2.72    0.164702663567
2.8    0.150255997968
2.88    0.132934849911
2.96    0.117686594262
3.04    0.100734870855
3.12    0.0857853563158
3.2    0.0700432379438
3.28    0.0564044013326
3.36    0.0429962324634
3.44    0.0315799947728
3.52    0.0212132897392
3.6    0.0128970074914
3.68    0.00644241491373
3.76    0.00194951721067
3.84    1.03450767962e-10
3.92    1.03450767962e-10
4.0    1.03450767962e-10
4.08    1.03450767962e-10
4.16    1.03450767962e-10
4.24    1.03450767962e-10
4.32    1.03450767962e-10
4.4    1.03450767962e-10
4.48    1.03450767962e-10
4.56    1.03450767962e-10
4.64    1.03450767962e-10
4.72    1.03450767962e-10
4.8    1.03450767962e-10
4.88    1.03450767962e-10
4.96    1.03450767962e-10
5.04    1.03450767962e-10
5.12    1.03450767962e-10
5.2    1.03450767962e-10
5.28    1.03450767962e-10
5.36    1.03450767962e-10
5.44    1.03450767962e-10
5.52    1.03450767962e-10
5.6    1.03450767962e-10
5.68    1.03450767962e-10
5.76    1.03450767962e-10
5.84    1.03450767962e-10
5.92    1.03450767962e-10
6.0    1.03450767962e-10
6.08    1.03450767962e-10
6.16    1.03450767962e-10
6.24    1.03450767962e-10
6.32    1.03450767962e-10
6.4    1.03450767962e-10
6.48    1.03450767962e-10
6.56    1.03450767962e-10
6.64    1.03450767962e-10
6.72    1.03450767962e-10
6.8    1.03450767962e-10
6.88    1.03450767962e-10
6.96    1.03450767962e-10
7.04    1.03450767962e-10
7.12    1.03450767962e-10
7.2    1.03450767962e-10
7.28    1.03450767962e-10
7.36    1.03450767962e-10
7.44    1.03450767962e-10
7.52    1.03450767962e-10
7.6    1.03450767962e-10
7.68    1.03450767962e-10
7.76    1.03450767962e-10
7.84    0.00035755084435
7.92    0.00026867286125
8.0    0.000732903358636
