0.3141592653589793    -0.41093829726884173
0.9424777960769379    -0.31766803792140386
1.5707963267948966    -0.2876716622858427
2.199114857512855    -0.25879937065034225
2.827433388230814    -0.23148986418207337
3.455751918948772    -0.20766345465550504
4.084070449666731    -0.18702661336338022
4.71238898038469    -0.16902937096074963
5.340707511102648    -0.1541430148145681
5.969026041820607    -0.14122237286664785
6.5973445725385655    -0.13008442498378708
7.225663103256524    -0.12061707227056642
7.853981633974483    -0.11201969310608517
8.482300164692441    -0.1047094088074588
9.1106186954104    -0.09813815605938989
9.738937226128359    -0.0926667178674287
10.367255756846317    -0.08735670643900847
10.995574287564276    -0.08274010646336684
11.623892818282235    -0.07839806923414933
12.252211349000193    -0.07472436280869786
12.88052987971815    -0.07128698671575741
13.50884841043611    -0.06817309232335984
14.137166941154069    -0.06520606097502082
14.76548547187203    -0.0624560040047443
15.393804002589984    -0.06014524887992061
16.022122533307943    -0.05786933309228729
16.650441064025905    -0.05574788946886872
17.278759594743864    -0.053832605745979256
17.90707812546182    -0.052101911313906846
18.535396656179778    -0.05031373274371379
19.16371518689774    -0.048754076051471154
19.7920337176157    -0.04720002149853071
20.420352248333653    -0.04590898560149888
21.048670779051612    -0.044470879752257164
21.676989309769574    -0.043159310284687634
22.305307840487533    -0.042034387680374055
22.933626371205488    -0.040880720408003134
23.561944901923447    -0.03974980896122982
24.19026343264141    -0.038675299288017446
24.818581963359367    -0.037750246312749786
25.446900494077322    -0.03663436470682412
26.075219024795285    -0.035975532629663826
26.703537555513243    -0.03502628383821711
27.3318560862312    -0.03431039655833054
27.96017461694916    -0.03338682057288612
28.588493147667116    -0.03277648555940308
29.216811678385074    -0.03209314511550246
29.845130209103036    -0.03154806561037865
30.47344873982099    -0.030771624369350107
31.101767270538954    -0.030200345115151486
