0.3141592653589793    6.683844459845445e-05
0.9424777960769379    0.0001431112521055129
1.5707963267948966    9.886147746130109e-05
2.199114857512855    -5.4623382938546584e-05
2.827433388230814    -1.0410916099788192e-05
3.455751918948772    6.245124491187174e-05
4.084070449666731    2.4879816929452684e-05
4.71238898038469    -0.00011173896856800413
5.340707511102648    -1.0867999885679815e-05
5.969026041820607    -9.571735720001409e-05
6.5973445725385655    1.7902761184312893e-05
7.225663103256524    -7.693573172151072e-05
7.853981633974483    4.7613212179123446e-05
8.482300164692441    0.0001869987669893501
9.1106186954104    -3.4448428336916384e-05
9.738937226128359    2.9431561676375952e-05
10.367255756846317    6.0851440794628795e-05
10.995574287564276    2.6252453407926552e-05
11.623892818282235    7.179958824064469e-05
12.252211349000193    -3.28558223902314e-05
12.88052987971815    -0.00010077236829654218
13.50884841043611    -5.5589841348467464e-05
14.137166941154069    -5.896228308768775e-05
14.76548547187203    -9.996521114113203e-06
15.393804002589984    6.0186942324838266e-05
16.022122533307943    -0.00013502480207810847
16.650441064025905    3.0099231860037142e-05
17.278759594743864    -0.00010370998394785306
17.90707812546182    0.0001599276221471264
18.535396656179778    6.145634658597811e-06
19.16371518689774    -0.00011001783889195231
19.7920337176157    5.550701746865076e-06
20.420352248333653    9.485879667966394e-05
21.048670779051612    1.7462626183924303e-05
21.676989309769574    0.00010040426851099509
22.305307840487533    1.4173667208767939e-05
22.933626371205488    0.00012516478371905733
23.561944901923447    5.297784814973331e-06
24.19026343264141    0.00011656504905373616
24.818581963359367    4.5287220533782136e-05
25.446900494077322    0.00015059444732199885
26.075219024795285    -0.0001711376942975876
26.703537555513243    -1.8573174183910442e-05
27.3318560862312    8.086134393900665e-05
27.96017461694916    7.326922615825841e-05
28.588493147667116    -0.0001224158582435954
29.216811678385074    -0.0001648527378542515
29.845130209103036    6.679456436075519e-05
30.47344873982099    -7.87979423299513e-05
31.101767270538954    2.5118378457326332e-05
