0.3141592653589793    -0.0863478408668177
0.9424777960769379    -0.20230907700663486
1.5707963267948966    -0.24633529450688188
2.199114857512855    -0.24829864256180054
2.827433388230814    -0.23250558627483406
3.455751918948772    -0.2147141181550479
4.084070449666731    -0.1962117755519774
4.71238898038469    -0.1773889131964832
5.340707511102648    -0.16299213152630454
5.969026041820607    -0.15028111359983953
6.5973445725385655    -0.13774778188379214
7.225663103256524    -0.12915117274410515
7.853981633974483    -0.11980986379713122
8.482300164692441    -0.1100787667531779
9.1106186954104    -0.10554611441953095
9.738937226128359    -0.09949724262642849
10.367255756846317    -0.0921812243505217
10.995574287564276    -0.08795684240210436
11.623892818282235    -0.08347714677464611
12.252211349000193    -0.07936341391608354
12.88052987971815    -0.07600061014644247
13.50884841043611    -0.07128092115233842
14.137166941154069    -0.07055985565026546
14.76548547187203    -0.06488607008533383
15.393804002589984    -0.06364537890586522
16.022122533307943    -0.06105664716181516
16.650441064025905    -0.06012839863634047
17.278759594743864    -0.0564045546442476
17.90707812546182    -0.055595721049479394
18.535396656179778    -0.053120284194199056
19.16371518689774    -0.04906545550910887
19.7920337176157    -0.050065756573407005
20.420352248333653    -0.04810079227963287
21.048670779051612    -0.0461828595187993
21.676989309769574    -0.04510545341520391
22.305307840487533    -0.047209344289640146
22.933626371205488    -0.04323476383476026
23.561944901923447    -0.04153696861231711
24.19026343264141    -0.03986199523889426
24.818581963359367    -0.040115043878348786
25.446900494077322    -0.03968588962817023
26.075219024795285    -0.037455194124959824
26.703537555513243    -0.03764959858282996
27.3318560862312    -0.03712779510827977
27.96017461694916    -0.034397281859329665
28.588493147667116    -0.03501180504118483
29.216811678385074    -0.03442571047177016
29.845130209103036    -0.03328828978894449
30.47344873982099    -0.029860698719916322
31.101767270538954    -0.03215315925382383
