0.3141592653589793    2.7129813680850503e-07
0.9424777960769379    -2.7177783133224776e-07
1.5707963267948966    -6.644042861985451e-08
2.199114857512855    -1.9132092074451544e-08
2.827433388230814    -6.324615885255086e-09
3.455751918948772    3.111079120783974e-09
4.084070449666731    8.113301499460011e-10
4.71238898038469    -1.0799829759118326e-09
5.340707511102648    3.515959928856986e-10
5.969026041820607    -4.3384317787183305e-10
6.5973445725385655    5.768921272817368e-10
7.225663103256524    -2.1049285974601289e-10
7.853981633974483    -8.819118184079077e-10
8.482300164692441    -6.6133019458976e-11
9.1106186954104    5.321580879033263e-10
9.738937226128359    1.3724989909391833e-11
10.367255756846317    -2.262926008894956e-12
10.995574287564276    1.0779784367459037e-11
11.623892818282235    -1.2883329229757827e-10
12.252211349000193    -1.174570774372505e-10
12.88052987971815    -2.6506539352467407e-11
13.50884841043611    -2.4363663104024126e-11
14.137166941154069    -1.6294274513910204e-11
14.76548547187203    -7.867221975453272e-12
15.393804002589984    2.913104425874992e-11
16.022122533307943    5.0088956638585795e-11
16.650441064025905    -3.794938904459089e-11
17.278759594743864    -1.7733869480328256e-11
17.90707812546182    -5.5662871249129954e-11
18.535396656179778    3.2509121013019295e-11
19.16371518689774    -1.1543533570118503e-11
19.7920337176157    -3.574818665763354e-12
20.420352248333653    2.7798580548411843e-12
21.048670779051612    1.3128799227779332e-11
21.676989309769574    1.4679163068545607e-11
22.305307840487533    1.3958600755171784e-12
22.933626371205488    -1.1492814525241366e-11
23.561944901923447    -9.50078791589568e-12
24.19026343264141    2.777577549804245e-12
24.818581963359367    -2.9262279307825205e-12
25.446900494077322    8.892277129952624e-12
26.075219024795285    -2.868437211406443e-12
26.703537555513243    2.4877890039036928e-12
27.3318560862312    8.82812616430865e-12
27.96017461694916    -3.1137157982268675e-12
28.588493147667116    -1.4289406461621214e-12
29.216811678385074    -2.9394530733115274e-12
29.845130209103036    -2.9060729391926596e-12
30.47344873982099    1.9138064486178837e-12
31.101767270538954    -1.670011847833605e-12
