-8.0    5.05227108354e-15
-7.92    9.55092359855e-15
-7.84    1.79400897913e-14
-7.76    3.3483000481e-14
-7.68    6.20932856618e-14
-7.6    1.14415649018e-13
-7.52    2.09482009404e-13
-7.44    3.81090874222e-13
-7.36    6.8885986524e-13
-7.28    1.23723936944e-12
-7.2    2.20798996314e-12
-7.12    3.91526330545e-12
-7.04    6.8983522775e-12
-6.96    1.20767556296e-11
-6.88    2.10075644071e-11
-6.8    3.63096150179e-11
-6.72    6.23574145166e-11
-6.64    1.06408193734e-10
-6.56    1.8041911892e-10
-6.48    3.03955887121e-10
-6.4    5.08814028165e-10
-6.32    8.46307342571e-10
-6.24    1.3986777188e-09
-6.16    2.29682401068e-09
-6.08    3.74764372968e-09
-6.0    6.07588284982e-09
-5.92    9.78770791244e-09
-5.84    1.56665411881e-08
-5.76    2.4916426973e-08
-5.68    3.9374850635e-08
-5.6    6.18262050017e-08
-5.52    9.64598928427e-08
-5.44    1.49534525167e-07
-5.36    2.30333280044e-07
-5.28    3.52527031261e-07
-5.2    5.3610353447e-07
-5.12    8.10075378928e-07
-5.04    1.21624959893e-06
-4.96    1.81443119018e-06
-4.88    2.68954497427e-06
-4.8    3.96129909103e-06
-4.72    5.79718250636e-06
-4.64    8.42979138323e-06
-4.56    1.21797169703e-05
-4.48    1.74855010266e-05
-4.4    2.49424712901e-05
-4.32    3.53526030018e-05
-4.24    4.9787902098e-05
-4.16    6.96701543692e-05
-4.08    9.68702083987e-05
-4.0    0.000133830225765
-3.92    0.000183712498002
-3.84    0.000250578444891
-3.76    0.000339601212484
-3.68    0.00045731481406
-3.6    0.000611901930114
-3.52    0.000813521231082
-3.44    0.00107467334015
-3.36    0.00141060225694
-3.28    0.00183972618082
-3.2    0.00238408820146
-3.12    0.0030698133011
-3.04    0.00392755362892
-2.96    0.00499289921361
-2.88    0.00630672639627
-2.8    0.00791545158298
-2.72    0.00987115379475
-2.64    0.0122315263513
-2.56    0.0150596163274
-2.48    0.0184233106469
-2.4    0.0223945302948
-2.32    0.0270480995469
-2.24    0.0324602656437
-2.16    0.0387068561475
-2.08    0.0458610762711
-2.0    0.0539909665132
-1.92    0.0631565614352
-1.84    0.0734068125817
-1.76    0.084776361308
-1.68    0.0972822693315
-1.6    0.110920834679
-1.52    0.125664636789
-1.44    0.141459965225
-1.36    0.15822479037
-1.28    0.175847430298
-1.2    0.194186054983
-1.12    0.213069146776
-1.04    0.232297004743
-0.96    0.251644341098
-0.88    0.270863971798
-0.8    0.289691552761
-0.72    0.30785126047
-0.64    0.325062264084
-0.56    0.34104578863
-0.48    0.355532528506
-0.4    0.368270140303
-0.32    0.379030526153
-0.24    0.387616615125
-0.16    0.393868361569
-0.08    0.397667705512
0.0    0.398942280401
0.08    0.397667705512
0.16    0.393868361569
0.24    0.387616615125
0.32    0.379030526153
0.4    0.368270140303
0.48    0.355532528506
0.56    0.34104578863
0.64    0.325062264084
0.72    0.30785126047
0.8    0.289691552761
0.88    0.270863971798
0.96    0.251644341098
1.04    0.232297004743
1.12    0.213069146776
1.2    0.194186054983
1.28    0.175847430298
1.36    0.15822479037
1.44    0.141459965225
1.52    0.125664636789
1.6    0.110920834679
1.68    0.0972822693315
1.76    0.084776361308
1.84    0.0734068125817
1.92    0.0631565614352
2.0    0.0539909665132
2.08    0.0458610762711
2.16    0.0387068561475
2.24    0.0324602656437
2.32    0.0270480995469
2.4    0.0223945302948
2.48    0.0184233106469
2.56    0.0150596163274
2.64    0.0122315263513
2.72    0.00987115379475
2.8    0.00791545158298
2.88    0.00630672639627
2.96    0.00499289921361
3.04    0.00392755362892
3.12    0.0030698133011
3.2    0.00238408820146
3.28    0.00183972618082
3.36    0.00141060225694
3.44    0.00107467334015
3.52    0.000813521231082
3.6    0.000611901930114
3.68    0.00045731481406
3.76    0.000339601212484
3.84    0.000250578444891
3.92    0.000183712498002
4.0    0.000133830225765
4.08    9.68702083987e-05
4.16    6.96701543692e-05
4.24    4.9787902098e-05
4.32    3.53526030018e-05
4.4    2.49424712901e-05
4.48    1.74855010266e-05
4.56    1.21797169703e-05
4.64    8.42979138323e-06
4.72    5.79718250636e-06
4.8    3.96129909103e-06
4.88    2.68954497427e-06
4.96    1.81443119018e-06
5.04    1.21624959893e-06
5.12    8.10075378928e-07
5.2    5.3610353447e-07
5.28    3.52527031261e-07
5.36    2.30333280044e-07
5.44    1.49534525167e-07
5.52    9.64598928427e-08
5.6    6.18262050017e-08
5.68    3.9374850635e-08
5.76    2.4916426973e-08
5.84    1.56665411881e-08
5.92    9.78770791244e-09
6.0    6.07588284982e-09
6.08    3.74764372968e-09
6.16    2.29682401068e-09
6.24    1.3986777188e-09
6.32    8.46307342571e-10
6.4    5.08814028165e-10
6.48    3.03955887121e-10
6.56    1.8041911892e-10
6.64    1.06408193734e-10
6.72    6.23574145166e-11
6.8    3.63096150179e-11
6.88    2.10075644071e-11
6.96    1.20767556296e-11
7.04    6.8983522775e-12
7.12    3.91526330545e-12
7.2    2.20798996314e-12
7.28    1.23723936944e-12
7.36    6.8885986524e-13
7.44    3.81090874222e-13
7.52    2.09482009404e-13
7.6    1.14415649018e-13
7.68    6.20932856618e-14
7.76    3.3483000481e-14
7.84    1.79400897913e-14
7.92    9.55092359855e-15
8.0    5.05227108354e-15
