1.3477506941075197e-06
1.7104032059531945e-07
6.196024469030929e-08
3.1954619911206094e-08
1.7712126383084716e-08
9.869173638677018e-09
5.740533539918359e-09
3.5912667164384188e-09
2.5428897459877414e-09
1.6312276490664607e-09
1.2345890064445748e-09
9.174286503333244e-10
6.228575708618357e-10
4.668163563408607e-10
3.494227734950479e-10
2.7033380597040397e-10
2.0650317453779757e-10
1.5365591532438318e-10
1.3145531053755312e-10
1.2257026214925306e-10
9.332288857948901e-11
7.440607468171954e-11
6.799532765936757e-11
4.6153546205703134e-11
4.513992293935155e-11
3.818998800337129e-11
2.6641425165685052e-11
2.6180989119387885e-11
2.2728486266763137e-11
2.1597337497974858e-11
1.7269725437971806e-11
1.5177417390914696e-11
1.2907553862589794e-11
1.230199812889755e-11
1.0926391676003086e-11
1.006957607476488e-11
8.450531681087062e-12
7.611968310040222e-12
7.403898849664373e-12
6.484968244502525e-12
6.0085363921642e-12
4.884948186030553e-12
4.018919261997691e-12
3.683634376700186e-12
3.4462319265339017e-12
3.1221613016204032e-12
2.973907931761494e-12
2.3958633894947818e-12
2.2515629659094356e-12
1.7178360452685471e-12
